0 0.51640625 0.05859375 0.00390625 0.00859375
0 0.534375 0.078125 0.00703125 0.009375
0 0.56640625 0.128125 0.00546875 0.01015625
0 0.59140625 0.159375 0.00859375 0.0109375
0 0.66640625 0.2640625 0.0078125 0.0125
0 0.71484375 0.334375 0.00859375 0.0140625
0 0.7484375 0.38125 0.00625 0.01328125
0 0.7640625 0.4015625 0.0125 0.01953125
0 0.85078125 0.5171875 0.01015625 0.01171875
0 0.88046875 0.5640625 0.00703125 0.01328125
0 0.90625 0.59921875 0.0109375 0.01328125
0 0.95 0.65625 0.0109375 0.02109375