0 0.434375 0.13671875 0.0078125 0.0109375
0 0.4921875 0.225 0.00703125 0.0109375
0 0.46796875 0.196875 0.00859375 0.00625
0 0.56015625 0.3171875 0.0078125 0.0109375
0 0.57890625 0.33515625 0.00859375 0.00703125
0 0.61015625 0.3875 0.01015625 0.01171875
0 0.63125 0.41875 0.0109375 0.0109375
0 0.709375 0.5171875 0.01015625 0.015625
0 0.7609375 0.5875 0.009375 0.0125
0 0.796875 0.634375 0.00859375 0.01171875
0 0.81171875 0.6609375 0.0140625 0.01484375
0 0.89921875 0.77421875 0.01328125 0.01328125
0 0.95625 0.853125 0.00625 0.02109375