0 0.7328125 0.5171875 0.0109375 0.01171875
0 0.75859375 0.51484375 0.01015625 0.0109375
0 0.79453125 0.51328125 0.01171875 0.0125
0 0.834375 0.5015625 0.00625 0.01015625
0 0.903125 0.5046875 0.0078125 0.01328125
0 0.90625 0.46484375 0.0046875 0.00625
0 0.6578125 0.47734375 0.0109375 0.0140625
0 0.665625 0.534375 0.0140625 0.01640625
0 0.6 0.46328125 0.0078125 0.0109375
0 0.6078125 0.44140625 0.01484375 0.00859375
0 0.52890625 0.47421875 0.0125 0.01640625
0 0.5359375 0.559375 0.00859375 0.0140625