0 0.578125 0.21015625 0.0078125 0.0109375
0 0.6109375 0.25546875 0.00625 0.00859375
0 0.6328125 0.28828125 0.00703125 0.0125
0 0.70078125 0.37109375 0.00703125 0.0078125
0 0.709375 0.3921875 0.0078125 0.009375
0 0.7609375 0.4640625 0.009375 0.01484375
0 0.79375 0.509375 0.0078125 0.0109375
0 0.8109375 0.53359375 0.01171875 0.0140625
0 0.89765625 0.6484375 0.01171875 0.0140625
0 0.92734375 0.6921875 0.01015625 0.01328125
0 0.9546875 0.728125 0.01484375 0.01484375
0 0.996875 0.7828125 0.00625 0.01796875