0 0.44375 0.23125 0.0078125 0.01484375
0 0.50234375 0.32109375 0.0078125 0.009375
0 0.5859375 0.428125 0.00859375 0.01015625
0 0.6203125 0.478125 0.00859375 0.01171875
0 0.64140625 0.5078125 0.0078125 0.009375
0 0.64921875 0.51875 0.00390625 0.01015625
0 0.72265625 0.61328125 0.01328125 0.0171875
0 0.771875 0.68125 0.01171875 0.01640625
0 0.80703125 0.728125 0.00859375 0.01015625
0 0.82578125 0.75078125 0.01015625 0.01328125
0 0.9140625 0.86796875 0.01875 0.0171875
0 0.9703125 0.95078125 0.0109375 0.01328125